2
3
4
5
6
7
8
9
10
10e
11
12
13
14
14e
15
16
17
17A
18
19
20
21
22
23
24
25
26
27
28
29
30
30e
31
32
33
34
35
35M
36
37
38
39
40
41
42
43
43M
45
47
48
49
50
51
52
53
53M
54
55
56
57
58
59
60
62
63
63M
64
65
66
69
70
70M
72
73
74
74e
76
78
79
80
81
82
83
84
85
86
87
88
89
89e
90
91
92
92M
93
94
95
96
97
97e
98
98M
99
100
101
102
103
105
107
107M
109
111
112
113
115
116
117
118
119
120
121
122
123
123M
124
125
128
130
131
131M
132
133
135
136
138
139
139M
140
141
142
143
143M
145
147
151
151e
153
154
155
156
157
158
159
160
161
162
162M
163
163M
165
166
168
170
170X
174
174e
175
179
181
182
182M
183
185
186
191
192
193
194
195
196
196e
197
198
199
200
201
222
225
228
229
231
232
235
238
240
241
242
243
246
249
251
252
253
254
255
256
257
258
261
262
265
268
269
272
273
282
284
285
291
292
293
315
317
324
325
333
334
335
354
358
359
371
372
382
386
400
401
402
403
405
408
410
502
502A
506
513
518
518A
533
534
535
536
538
539
542
543
544
545
549
552
553
554
555
560
561
563
564
565
569
585
761
1N
2N
3N
4N
5N
6N
CT8
CT18
CT28
61
67
75
77
106
167
169
171
172
173
176
177
178
180
184
187
188
188E
188R
189
190
300
301
302
307
529
530
531
546
587
588
589
590
598
599
700
700A
800
803
804
806
811
812
825
850E
851
852
853
853#
854
854E
855
856
857
858
859
859A
859B
860
868
882
900
900A
901
902
903
904
911
912
913
920
922
925
925#
926
927
941
945
947
950
951E
960
961
961#
962
963
963E
963R
964
965
966
969
970
971E
972
975
979
980
981
982E
983
985
990
BPS1
NR1
NR2
NR3
NR5
NR6
NR7
NR8
RWS8
